Preprocessing: 32.97900414466858
Vectorization: 0.1360032558441162
Comparison: 0.04899191856384277
Visualization: 0.001001119613647461
