Preprocessing: 33.07200527191162
Vectorization: 0.1379997730255127
Comparison: 0.08499598503112793
Visualization: 0.002000093460083008
