Preprocessing: 32.83301854133606
Vectorization: 2.24298095703125
Comparison: 0.10801148414611816
Visualization: 0.0019922256469726562
