Preprocessing: 31.35002636909485
Vectorization: 0.13292336463928223
Comparison: 0.09394574165344238
Visualization: 0.0009992122650146484
