Preprocessing: 30.22666025161743
Vectorization: 0.1339411735534668
Comparison: 0.014979362487792969
Visualization: 0.0009930133819580078
