Preprocessing: 33.40501928329468
Vectorization: 17.873982906341553
Comparison: 0.01199793815612793
Visualization: 0.001001119613647461
