Preprocessing: 32.55500364303589
Vectorization: 0.13899755477905273
Comparison: 9.941996812820435
Visualization: 0.0020024776458740234
