Preprocessing: 32.430999994277954
Vectorization: 0.14000511169433594
Comparison: 0.23399686813354492
Visualization: 0.001001119613647461
