Preprocessing: 32.275989294052124
Vectorization: 0.39099836349487305
Comparison: 0.00999903678894043
Visualization: 0.0010042190551757812
